#        Omega_cdm,     Omega_sfdm_1, sfdm_parameters_1__1, sfdm_parameters_1__2,          omega_b,               H0,                M,     Omega_Lambda,          Omega_m
 3.079320e-03	-3.060863e-03	-8.194303e-04	 4.566094e-03	 6.253073e-08	 4.198231e-03	 1.476881e-04	-1.230794e-05	 3.073181e-03	
-3.060863e-03	 3.086401e-03	 8.803548e-04	-4.675629e-03	-9.202370e-08	-5.400195e-03	-1.653333e-04	-3.342172e-05	-3.052992e-03	
-8.194303e-04	 8.803548e-04	 1.551122e+00	 9.111039e-01	-9.600770e-06	-1.761016e-01	-5.389585e-03	-2.991454e-04	-5.816171e-04	
 4.566094e-03	-4.675629e-03	 9.111039e-01	 1.231298e+00	-9.558414e-07	 3.041009e-02	 1.118219e-03	 1.596464e-04	 4.516059e-03	
 6.253073e-08	-9.202370e-08	-9.600770e-06	-9.558414e-07	 9.753194e-09	 8.167303e-06	 2.587985e-07	 2.024697e-08	 7.179564e-08	
 4.198231e-03	-5.400195e-03	-1.761016e-01	 3.041009e-02	 8.167303e-06	 5.141705e-01	 1.562373e-02	 1.949784e-03	 3.451610e-03	
 1.476881e-04	-1.653333e-04	-5.389585e-03	 1.118219e-03	 2.587985e-07	 1.562373e-02	 5.012466e-04	 4.034258e-05	 1.250272e-04	
-1.230794e-05	-3.342172e-05	-2.991454e-04	 1.596464e-04	 2.024697e-08	 1.949784e-03	 4.034258e-05	 4.859877e-05	-1.517248e-05	
 3.073181e-03	-3.052992e-03	-5.816171e-04	 4.516059e-03	 7.179564e-08	 3.451610e-03	 1.250272e-04	-1.517248e-05	 3.068173e-03	
