#        Omega_cdm,     Omega_sfdm_1, sfdm_parameters_1__1, sfdm_parameters_1__2,          omega_b,               H0,                M,     Omega_Lambda,          Omega_m
 3.750381e-03	-3.739976e-03	-1.112698e-03	 1.340162e-03	 2.072644e-07	 7.611753e-03	 2.285720e-04	 3.581949e-07	 3.739635e-03	
-3.739976e-03	 3.775295e-03	 3.512010e-03	-3.542853e-03	-9.206360e-08	-8.319055e-03	-2.265506e-04	-4.738366e-05	-3.727931e-03	
-1.112698e-03	 3.512010e-03	 2.866932e+00	-1.316737e+00	 3.296342e-05	 1.327946e-01	 3.799319e-03	-2.263018e-03	-1.248665e-03	
 1.340162e-03	-3.542853e-03	-1.316737e+00	 2.134939e+00	-8.433606e-06	-1.511910e-01	-3.706816e-03	 1.986824e-03	 1.555658e-03	
 2.072644e-07	-9.206360e-08	 3.296342e-05	-8.433606e-06	 7.410227e-09	 5.854826e-06	 2.760821e-07	-1.223605e-07	 2.144385e-07	
 7.611753e-03	-8.319055e-03	 1.327946e-01	-1.511910e-01	 5.854826e-06	 6.454226e-01	 1.906041e-02	 1.657583e-03	 6.662983e-03	
 2.285720e-04	-2.265506e-04	 3.799319e-03	-3.706816e-03	 2.760821e-07	 1.906041e-02	 5.976932e-04	 2.580946e-05	 2.007857e-04	
 3.581949e-07	-4.738366e-05	-2.263018e-03	 1.986824e-03	-1.223605e-07	 1.657583e-03	 2.580946e-05	 4.975926e-05	-2.371733e-06	
 3.739635e-03	-3.727931e-03	-1.248665e-03	 1.555658e-03	 2.144385e-07	 6.662983e-03	 2.007857e-04	-2.371733e-06	 3.730319e-03	
